30.707142857142856
27.915708333333335
39.361499999999985
38.258208333333314
39.04066666666667
32.87933333333333
38.490749999999984
41.93491666666664
38.016000000000005
31.06574999999998
39.09766666666666
44.05016666666668
37.80920833333334
32.243624999999994
38.24479166666668
43.61437499999999
43.712375
44.33016666666666
44.96704166666669
47.93162500000001
46.85074999999999
33.442083333333315
30.848458333333348
43.54433333333337
44.34374999999999
35.26954166666666
31.105875
42.65512500000001
43.61020833333334
37.74104166666666
31.54900000000001
41.62595833333331
44.314333333333366
34.45458333333331
34.072291666666665
45.40083333333333
45.834041666666714
42.479208333333304
37.57641666666666
35.87487500000001
42.860750000000046
42.394875000000006
33.751124999999995
34.70020833333333
40.995416666666664
41.44399999999999
34.34212500000002
40.91754166666667
46.331875
47.35991666666667
44.19466666666666
33.567958333333316
45.40300000000001
45.179583333333355
38.61720833333333
34.96970833333334
42.56099999999999
43.35133333333331
37.47170833333335
34.28591666666668
38.94254166666665
47.767500000000034
43.60370833333331
38.37749999999997
35.024000000000015
44.394999999999975
41.42345833333332
33.743041666666656
35.58325
44.09529166666665
42.84674999999998
35.08025000000002
32.62233333333334
44.14879166666667
41.63079166666667
34.96074999999997
32.81937499999999
39.06083333333334
42.02575
38.022166666666664
33.29416666666667
39.02633333333333
42.83237499999997
38.90291666666667
35.03037499999997
36.894583333333316
43.614624999999975
38.373875
34.84929166666667
35.34841666666667
41.09149999999998
39.49316666666664
32.46629166666663
34.13583333333333
42.66058333333333
42.053916666666645
34.733916666666666
33.37370833333334
43.55608333333336
43.53512500000002
37.00166666666668
34.732291666666676
45.89345833333333
45.69204166666665
43.67929166666668
38.59595833333335
40.07220833333335
42.72616666666663
40.56533333333338
34.565041666666666
41.58941666666666
44.492416666666685
39.63970833333333
33.403875
39.090875000000025
44.252000000000024
43.512624999999986
38.85100000000002
33.880666666666656
43.863208333333326
43.70145833333331
36.8605
32.648666666666664
42.827374999999975
43.673833333333384
40.84087500000002
38.683791666666686
40.13495833333334
42.57945833333336
36.05454166666664
33.22845833333335
42.40583333333333
43.01691666666667
38.787625000000006
35.18012499999999
39.40766666666668
43.77191666666667
43.453750000000035
41.347999999999985
43.810374999999986
45.820458333333335
46.535041666666665
47.40808333333338
42.849583333333335
44.41566666666666
44.40266666666665
37.05183333333334
36.67670833333334
47.261375000000086
