28.333958333333324
26.495708333333337
25.981458333333332
24.895833333333346
25.31633333333333
26.637291666666666
21.825541666666673
26.493208333333335
26.412458333333326
25.966625000000008
24.826208333333348
26.872041666666664
27.108166666666662
26.53537500000001
27.97474999999998
27.30441666666666
29.449916666666688
30.927666666666674
30.443749999999987
31.439708333333336
31.589708333333327
29.80529166666667
28.141875000000006
28.96525000000002
29.75166666666666
29.256875
27.740791666666645
30.081583333333324
30.093041666666657
30.17479166666666
28.993208333333317
29.99074999999998
30.743333333333315
28.648541666666656
29.413708333333354
32.96204166666667
31.64595833333336
31.43375000000001
31.402791666666687
29.447750000000003
30.37225000000001
30.554874999999974
30.352750000000007
29.87487499999999
29.755166666666682
30.202874999999985
30.20783333333334
31.84454166666668
31.654541666666656
32.938583333333334
33.8535
30.26662499999998
32.17737499999999
33.59204166666668
33.138
31.822333333333344
32.321416666666686
31.124624999999995
29.456583333333338
30.305041666666664
30.16675000000002
32.84549999999997
32.303124999999994
32.09737500000001
29.835000000000004
31.506625000000003
31.22349999999999
30.694958333333318
30.458416666666672
31.543041666666657
31.143249999999973
30.548333333333343
29.98204166666669
30.671583333333338
30.350416666666675
30.200125
29.171833333333332
29.941916666666653
30.66220833333331
30.668499999999995
30.17558333333333
30.658874999999988
31.97937499999998
30.931958333333345
30.76533333333334
30.501916666666652
31.266083333333356
30.151916666666676
30.295166666666656
30.299791666666643
30.582583333333332
30.925458333333328
30.139708333333342
29.832041666666658
30.93283333333333
29.916375000000006
30.13070833333335
29.64104166666667
30.72883333333333
30.62129166666665
29.909958333333357
29.76745833333333
32.86770833333333
32.25316666666666
32.33100000000001
31.666041666666654
30.78749999999999
30.738833333333325
30.83929166666667
30.31070833333334
31.620791666666662
31.285375000000023
30.530374999999996
30.19279166666666
31.40545833333334
31.77516666666667
31.52637499999999
30.870375000000003
29.94837499999999
31.528083333333335
30.91504166666665
30.818208333333327
29.167916666666663
30.47225
30.86554166666669
30.788208333333365
30.024750000000022
30.26949999999999
30.245416666666678
30.375999999999973
29.490125000000003
31.30454166666669
30.634000000000032
29.95687499999999
29.63287500000001
30.728416666666664
31.40170833333331
32.404458333333324
32.250125
33.45174999999999
33.057374999999986
33.51774999999999
39.13004166666663
32.646333333333324
34.08541666666667
34.259249999999994
30.684250000000006
30.26741666666667
36.14433333333338
