29.45883333333334
27.303166666666694
29.254875000000013
29.576249999999998
32.14129166666667
30.65699999999999
30.500708333333325
32.445166666666665
32.87354166666665
29.800916666666655
32.12766666666667
33.898875000000004
32.35716666666666
30.33537499999999
32.341166666666666
32.67974999999998
34.830708333333305
36.93854166666666
38.63849999999998
39.756708333333314
38.94124999999998
32.19250000000002
29.539999999999985
32.55962499999999
33.81604166666668
32.27279166666668
28.855000000000004
33.51016666666666
33.930916666666675
33.13874999999998
30.556708333333333
33.56666666666666
34.52608333333335
30.694249999999986
31.600708333333344
37.472000000000016
35.25366666666666
34.57224999999998
34.14362500000001
31.636124999999975
33.189874999999994
34.0325
32.27970833333333
31.916083333333358
31.927416666666662
32.590541666666674
32.18637499999999
35.30733333333333
35.92349999999999
36.772499999999994
37.26904166666666
31.531416666666665
36.20725
36.739375
35.26008333333334
33.87512499999998
35.44125000000001
34.48545833333332
32.04458333333335
32.35124999999998
32.632875000000006
36.81479166666668
35.57933333333332
35.10987500000001
31.400083333333335
34.68691666666667
33.90808333333334
32.37108333333334
32.46162499999999
34.27800000000001
33.794875
32.54837499999999
31.117583333333332
33.48375000000001
32.65112499999999
31.69429166666666
30.425791666666672
31.83437499999998
33.00304166666668
33.079791666666665
31.791541666666664
32.48295833333334
34.170958333333346
32.7575
32.15500000000001
32.17999999999999
34.12779166666666
32.20441666666666
31.963708333333344
31.84162499999999
32.768166666666666
32.891458333333325
31.566166666666675
31.312874999999988
33.49762499999999
32.611249999999984
32.114291666666645
31.27345833333332
33.50929166666668
33.504500000000014
32.035250000000005
31.562833333333312
36.44337499999999
35.78091666666666
35.941666666666684
34.52629166666667
33.453708333333324
33.74325
33.89004166666667
32.36645833333335
34.767124999999965
34.47954166666664
32.966666666666654
31.753874999999987
33.73250000000001
34.605
34.951083333333365
33.075916666666664
31.590208333333344
34.439791666666686
34.326374999999985
34.04775
30.641291666666653
33.272333333333314
33.80566666666666
33.45475000000001
32.20158333333331
32.82525
33.33604166666667
32.026416666666655
30.991958333333347
33.95487499999998
33.55533333333335
32.648125000000014
32.08079166666666
33.51912499999999
33.941166666666675
34.60075
34.63045833333332
36.56179166666664
36.875833333333325
38.12054166666665
42.59274999999999
35.73170833333334
37.16941666666667
37.28045833333335
32.545125
32.04270833333336
39.15120833333337
