25.30504166666667
24.348500000000005
25.758083333333335
24.895833333333346
25.31633333333333
26.49379166666667
21.6615
26.493208333333335
26.347416666666653
24.70466666666667
24.01783333333334
26.017666666666667
25.084083333333336
24.41158333333335
26.743458333333347
22.38741666666667
26.407416666666673
27.723750000000006
26.84916666666667
28.4855
27.190916666666663
24.069333333333336
24.109749999999995
24.472333333333346
24.067416666666652
23.914249999999992
23.795666666666666
24.439916666666655
23.69241666666666
26.382708333333333
23.908250000000002
24.42458333333333
22.731541666666654
22.525333333333336
23.365000000000006
27.39983333333333
26.200291666666654
26.376833333333334
25.284625
23.301458333333347
24.236083333333323
23.33408333333334
25.280666666666665
25.055541666666667
24.37491666666666
25.931833333333326
26.417999999999996
29.649541666666664
25.838624999999997
26.897125000000006
27.945666666666664
24.54050000000001
27.14745833333334
26.33129166666667
24.992583333333346
25.29125
26.456541666666677
24.97754166666666
24.625458333333324
27.504958333333335
24.795666666666666
28.66962500000002
28.153750000000006
27.02841666666666
24.31683333333334
28.099375000000023
25.875999999999983
25.89508333333334
27.199250000000003
26.84900000000001
25.455833333333334
26.304708333333323
26.67358333333334
26.49491666666666
25.522375000000007
25.24479166666667
23.70149999999999
25.190791666666662
25.868583333333337
24.621500000000005
27.02299999999999
26.22391666666667
26.25195833333336
26.772041666666656
27.30716666666667
25.780291666666667
25.729791666666664
25.324791666666663
24.095625000000002
26.15304166666666
25.17316666666666
26.064416666666663
26.56129166666666
25.540999999999997
25.76583333333333
23.860625000000017
27.372208333333344
26.93204166666666
26.95358333333336
26.78795833333333
25.351041666666667
25.294499999999985
28.212125000000007
27.040166666666657
26.74983333333334
26.070624999999982
25.533083333333316
24.990208333333346
24.59470833333334
25.812666666666654
27.922791666666665
27.364041666666658
26.165916666666664
26.12670833333334
25.79645833333335
28.07458333333334
28.254750000000005
27.396791666666655
25.383916666666664
25.91575
26.751750000000012
25.73337500000001
24.373916666666652
26.166250000000005
26.675208333333337
26.846249999999998
25.87329166666668
26.217958333333332
25.401500000000006
26.549041666666678
24.74679166666667
26.789708333333337
24.52133333333332
24.49775
25.866458333333323
25.89837500000001
27.717
26.44362500000001
28.359875
29.983875000000012
29.034250000000004
28.652249999999995
26.519833333333374
22.430749999999982
14.536958333333335
14.86445833333334
14.817375000000004
14.56629166666666
19.130000000000003
