30.549663865546222
27.94295833333335
35.504375
34.87579166666667
37.625874999999986
32.61537499999999
35.60929166666668
38.842833333333346
36.81258333333331
30.917791666666677
37.17204166666667
40.85829166666666
36.14937500000004
32.10470833333333
36.839583333333344
40.29191666666666
41.43387500000003
42.702624999999976
43.33499999999999
45.84900000000002
44.89841666666663
33.316583333333334
30.59841666666666
40.24283333333334
41.177749999999996
34.93779166666666
30.68112500000001
40.18408333333335
40.866166666666665
36.83091666666669
31.48566666666665
39.50783333333333
41.796958333333315
33.508791666666674
33.76387499999998
43.24733333333336
42.99029166666667
40.66233333333332
37.031708333333334
34.89270833333333
40.278375000000004
40.30858333333335
33.68879166666666
34.07945833333333
38.16895833333332
38.85087499999998
34.110125000000004
39.75412500000001
43.39899999999998
44.49695833333333
42.80641666666667
33.20045833333331
42.96679166666666
42.60754166666665
37.77462499999997
34.89999999999999
40.48829166666667
40.599749999999986
36.18716666666664
34.19845833333333
37.35325000000002
44.50470833333333
41.45887499999999
38.02362500000001
33.928750000000015
41.338458333333314
39.04241666666667
33.69454166666665
34.923666666666655
40.70000000000001
39.88575000000001
34.817291666666634
32.385666666666665
40.527416666666646
38.330416666666665
34.40591666666666
32.552791666666685
36.595166666666636
38.91170833333334
36.85020833333333
33.24416666666666
36.852458333333324
39.7902916666667
36.99504166666665
34.44433333333335
35.315666666666665
40.29808333333335
36.376124999999995
34.43512499999999
34.301666666666684
38.20237500000004
37.20416666666665
32.45495833333335
33.539208333333335
39.49895833333331
38.937666666666686
34.56545833333333
33.216250000000024
40.12449999999999
40.01924999999996
35.91387499999999
34.28095833333334
43.128250000000016
42.391833333333345
41.67450000000004
37.865291666666664
37.989541666666675
39.59179166666668
38.82316666666665
34.306374999999996
39.79495833333331
41.1167916666667
37.508125000000014
33.19691666666666
37.63837500000001
41.09412499999998
40.86137500000004
37.45058333333335
33.328875000000004
40.61249999999996
40.549833333333325
36.49833333333334
32.36041666666667
39.83495833333333
40.60791666666667
39.072999999999986
37.139041666666685
37.71829166666667
39.38412499999999
34.905333333333346
32.96737499999998
39.87883333333331
39.813208333333364
37.09070833333335
34.75720833333335
37.833666666666666
40.527750000000005
40.90404166666667
39.90216666666664
41.97741666666669
43.11858333333335
44.186333333333344
46.15183333333328
40.104916666666675
41.70912499999998
41.79279166666668
35.32558333333334
35.125791666666665
44.56545833333348
