30.09785714285715
27.691791666666667
31.98916666666665
31.7035416666667
35.635041666666666
32.12837500000001
32.65212500000002
35.31937500000002
35.175166666666684
30.559124999999995
34.766625000000005
37.42275
34.33612499999999
31.635125000000002
34.907000000000025
36.29887499999999
38.48345833333334
40.25541666666666
41.0185
42.77554166666668
42.08000000000001
32.963541666666664
30.190125000000002
36.34437500000001
37.52850000000003
34.14525
29.94595833333334
37.10079166666663
37.443625000000026
35.34812499999998
31.261291666666658
36.73229166666666
38.39300000000003
32.209124999999986
33.002375
40.75512500000004
39.173500000000004
37.91637500000002
35.992458333333325
33.30741666666666
36.667083333333345
37.363625000000006
33.39775
33.166500000000006
34.780874999999995
35.63070833333333
33.396541666666664
37.74737500000005
39.845625
40.808083333333336
40.48175
32.50975
39.81745833333334
39.52766666666667
36.65412500000002
34.62458333333335
37.93316666666669
37.37079166666664
34.24141666666669
33.666958333333355
35.075875
40.51937499999998
38.66916666666665
37.07879166666667
32.601333333333336
37.820416666666674
36.33970833333334
33.310333333333325
33.912625
37.10470833333331
36.529833333333336
33.98387499999999
31.85733333333335
36.68125000000001
35.126958333333356
33.22933333333334
31.65654166666667
34.067291666666655
35.81745833333332
35.144041666666666
32.84687499999999
34.53933333333334
36.784125000000024
34.852958333333326
33.43445833333333
33.74062499999998
37.021291666666684
34.23975
33.45866666666663
33.116916666666654
35.36354166666668
34.97999999999998
32.27608333333335
32.61520833333335
36.28287500000002
35.54141666666665
33.752958333333325
32.599333333333306
36.50833333333334
36.53925
34.11749999999999
33.17804166666666
39.77750000000006
39.10024999999999
39.08325
36.51945833333334
35.86662500000002
36.529583333333385
36.57720833333331
33.65250000000002
37.521083333333316
37.75933333333334
35.27458333333334
32.68437500000001
35.81475000000002
37.931166666666655
38.10720833333332
35.51229166666668
32.64029166666668
37.42004166666668
37.428000000000004
35.75533333333333
31.735541666666673
36.43487500000002
37.15995833333333
36.416375
34.88604166666668
35.246083333333345
36.22012499999999
33.561916666666676
32.23541666666668
36.94166666666667
36.54025000000003
34.94500000000001
33.7875
35.819083333333346
37.01708333333333
37.61295833333334
37.59683333333334
39.604083333333364
40.32616666666667
41.554541666666644
44.70220833333329
37.77074999999999
39.49566666666666
39.555166666666686
33.93454166666667
33.688833333333335
41.534375000000104
